4697
4692
4745
4688
4699
4711
4718
4705
4693
4689
4690
4686
4700
4687
4737
4691
4708
4698
4749
4703
4714
4715
4734
4716
4704
4694
4712
4695
4709
4696
4748
4701
4723
4713
4752
4720
4746
4728
4761
4719
4735
4724
4722
4706
4725
4710
4751
4702
4744
4730
4767
4733
4757
4739
4777
4731
4738
4726
4743
4721
4727
4717
4754
4707
4760
4786
4818
4742
4766
4747
4780
4781
4753
4740
4762
4729
4736
4755
4758
4732
4770
4800
4820
4756
4776
4821
4790
4795
4771
4759
4774
4741
4750
4763
4772
4764
4788
4801
4823
4773
4815
4834
4794
4810
4779
4802
4783
4768
4785
4765
4784
4769
4836
4814
4826
4793
4817
4858
4829
4835
4787
4812
4796
4775
4811
4782
4789
4778
4848
4819
4883
4857
4864
4896
4837
4850
4806
4825
4803
4791
4822
4792
4805
4797
4866
4824
4888
4867
4909
4902
4843
4871
4845
4827
4807
4804
4830
4798
4816
4799
