7968
7997
7976
7973
7966
7979
7994
7983
7989
8033
7967
7977
7987
8004
7984
8010
7970
8040
7974
7999
8011
7991
7988
7971
7978
7992
7972
7975
8003
8000
8057
7969
7982
8001
8017
8043
8047
8044
7990
8025
8008
8009
8018
8015
8080
7985
8028
8048
7995
8073
7986
8002
7996
7980
8020
8021
8024
8111
7981
8066
8032
8022
8085
8064
8058
8038
8086
8014
8023
8071
8045
8127
8050
8055
8061
8005
8092
8006
8042
8012
8007
8030
8031
8112
8145
7993
8074
8035
8075
8099
8076
8094
8088
8095
8026
8027
8118
8167
8162
8054
8059
8067
8016
8133
8041
8062
8051
8019
8036
8124
8115
8149
7998
8090
8037
8103
8125
8105
8107
8121
8114
8039
8087
8192
8171
8165
8128
8079
8072
8034
8179
8077
8102
8068
8029
8056
8222
8153
8166
8013
8150
8052
8113
8136
8116
8109
8134
8141
8049
8100
8203
8274
8168
8142
8097
8091
8046
8182
8110
8155
8081
8082
8069
8240
8161
8169
8065
8151
8063
8264
8148
8170
8120
8137
8154
8053
8117
8214
8285
8172
8178
8218
8101
8060
8280
8144
8160
8130
8106
8083
8261
8195
8188
8084
8176
8070
8271
8177
8243
8126
8199
8181
8078
8132
8231
8290
8204
8201
8237
8140
8096
8286
8158
8184
8163
8123
8089
8292
8212
8207
8146
8197
8093
8282
8191
8268
8173
8217
8200
8108
8175
8238
8306
8225
8211
8254
8147
8122
8289
8198
8255
8183
8131
8104
8314
8241
8216
8156
8213
8098
8308
8209
8272
8234
8227
8228
8157
8202
8288
8320
8316
8232
8296
8186
8138
8301
8269
8327
8193
8159
