(0, 1, 4, 1)
(0, 1, 2, 5, 8, 5, 2)
(0, 1, 2, 5, 8, 7, 6, 3)
(0, 1, 2, 1, 4)
(0, 1, 2, 5)
(0, 3, 6)
(0, 1, 2, 1, 4, 7)
(0, 3, 6, 7, 8)
(1, 0, 3, 0)
(1, 2)
(1, 2, 1, 0, 3)
(1, 2, 5, 4)
(1, 0, 1, 2, 5)
(1, 0, 3, 6)
(1, 2, 5, 4, 7)
(1, 2, 5, 8)
(2, 1, 0)
(2, 5, 4, 1)
(2, 5, 4, 3)
(2, 1, 4)
(2, 5)
(2, 5, 4, 3, 6)
(2, 5, 8, 7)
(2, 5, 8)
(3, 4, 5, 4, 3, 0)
(3, 6, 7, 4, 1)
(3, 0, 1, 2)
(3, 4, 5, 2, 1, 4)
(3, 4, 1, 2, 5)
(3, 6)
(3, 4, 5, 4, 7)
(3, 4, 5, 8)
(4, 5, 2, 1, 0)
(4, 1)
(4, 1, 2)
(4, 1, 0, 3)
(4, 1, 2, 5)
(4, 7, 6)
(4, 5, 4, 7)
(4, 3, 6, 7, 8)
(5, 4, 3, 0)
(5, 4, 3, 6, 7, 4, 1)
(5, 2)
(5, 4, 3, 6, 3)
(5, 4)
(5, 4, 3, 6)
(5, 8, 7)
(5, 8)
(6, 7, 8, 5, 2, 1, 0)
(6, 3, 4, 1)
(6, 3, 0, 1, 2)
(6, 3)
(6, 3, 4)
(6, 7, 8, 5)
(6, 7, 4, 1, 4, 7)
(6, 7, 8)
(7, 6, 3, 0)
(7, 8, 5, 4, 1)
(7, 6, 3, 0, 1, 2)
(7, 6, 3)
(7, 8, 5, 4)
(7, 8, 5)
(7, 6)
(7, 4, 5, 8)
(8, 7, 4, 3, 0)
(8, 5, 2, 1)
(8, 7, 6, 3, 0, 1, 2)
(8, 5, 4, 3)
(8, 7, 4)
(8, 5)
(8, 7, 6)
(8, 7)
